image_00000 100 100 150 150
image_00001 100 100 150 150
image_00002 100 100 150 150
image_00003 100 100 150 150
image_00004 100 100 150 150
image_00005 100 100 150 150
image_00006 100 100 150 150
image_00007 100 100 150 150
image_00008 100 100 150 150
image_00009 100 100 150 150
image_00010 100 100 150 150
image_00011 100 100 150 150
image_00012 100 100 150 150
image_00013 100 100 150 150
image_00014 100 100 150 150
image_00015 100 100 150 150
image_00016 100 100 150 150
image_00017 100 100 150 150
image_00018 100 100 150 150
image_00019 100 100 150 150
image_00020 100 100 150 150
image_00021 100 100 150 150
image_00022 100 100 150 150
image_00023 100 100 150 150
image_00024 100 100 150 150
image_00025 100 100 150 150
image_00026 100 100 150 150
image_00027 100 100 150 150
image_00028 100 100 150 150
image_00029 100 100 150 150
image_00030 100 100 150 150
image_00031 100 100 150 150
image_00032 100 100 150 150
image_00033 100 100 150 150
image_00034 100 100 150 150
image_00035 100 100 150 150
image_00036 100 100 150 150
image_00037 100 100 150 150
image_00038 100 100 150 150
image_00039 100 100 150 150
image_00040 100 100 150 150
image_00041 100 100 150 150
image_00042 100 100 150 150
image_00043 100 100 150 150
image_00044 100 100 150 150
image_00045 100 100 150 150
image_00046 100 100 150 150
image_00047 100 100 150 150
image_00048 100 100 150 150
image_00049 100 100 150 150
image_00050 100 100 150 150
image_00051 100 100 150 150
image_00052 100 100 150 150
image_00053 100 100 150 150
image_00054 100 100 150 150
image_00055 100 100 150 150
image_00056 100 100 150 150
image_00057 100 100 150 150
image_00058 100 100 150 150
image_00059 100 100 150 150
image_00060 100 100 150 150
image_00061 100 100 150 150
image_00062 100 100 150 150
image_00063 100 100 150 150
